0.000000000000000000e+00
2.422000000000000000e+03
3.292000000000000000e+03
7.720000000000000000e+02
1.336000000000000000e+03
5.120000000000000000e+02
3.443000000000000000e+03
2.938000000000000000e+03
6.680000000000000000e+02
1.935000000000000000e+03
8.710000000000000000e+02
1.770000000000000000e+02
3.313000000000000000e+03
9.700000000000000000e+01
2.510000000000000000e+03
2.610000000000000000e+02
1.167000000000000000e+03
2.696000000000000000e+03
1.783000000000000000e+03
1.868000000000000000e+03
3.200000000000000000e+02
3.540000000000000000e+02
2.006000000000000000e+03
2.772000000000000000e+03
2.796000000000000000e+03
3.370000000000000000e+02
3.091000000000000000e+03
2.653000000000000000e+03
1.622000000000000000e+03
3.593000000000000000e+03
3.043000000000000000e+03
1.251000000000000000e+03
2.728000000000000000e+03
9.090000000000000000e+02
4.210000000000000000e+02
1.817000000000000000e+03
3.436000000000000000e+03
2.107000000000000000e+03
2.784000000000000000e+03
3.502000000000000000e+03
9.540000000000000000e+02
2.273000000000000000e+03
8.220000000000000000e+02
7.600000000000000000e+02
1.000000000000000000e+00
7.300000000000000000e+02
1.231000000000000000e+03
9.310000000000000000e+02
3.188000000000000000e+03
1.116000000000000000e+03
3.629000000000000000e+03
7.060000000000000000e+02
2.757000000000000000e+03
1.683000000000000000e+03
5.470000000000000000e+02
2.220000000000000000e+03
3.892000000000000000e+03
2.089000000000000000e+03
1.718000000000000000e+03
8.990000000000000000e+02
3.427000000000000000e+03
4.000000000000000000e+02
1.680000000000000000e+02
1.695000000000000000e+03
2.193000000000000000e+03
1.630000000000000000e+02
8.550000000000000000e+02
1.260000000000000000e+02
2.088000000000000000e+03
3.500000000000000000e+03
1.585000000000000000e+03
2.802000000000000000e+03
3.192000000000000000e+03
2.687000000000000000e+03
5.720000000000000000e+02
3.657000000000000000e+03
2.946000000000000000e+03
4.850000000000000000e+02
2.146000000000000000e+03
2.751000000000000000e+03
3.812000000000000000e+03
1.635000000000000000e+03
1.420000000000000000e+02
9.420000000000000000e+02
3.341000000000000000e+03
1.432000000000000000e+03
9.930000000000000000e+02
1.095000000000000000e+03
2.750000000000000000e+03
3.709000000000000000e+03
2.036000000000000000e+03
3.601000000000000000e+03
2.787000000000000000e+03
5.170000000000000000e+02
3.881000000000000000e+03
6.700000000000000000e+01
3.516000000000000000e+03
1.941000000000000000e+03
3.520000000000000000e+03
1.140000000000000000e+03
3.030000000000000000e+03
