0.000000000000000000e+00
2.318000000000000000e+03
2.729000000000000000e+03
2.712000000000000000e+03
1.827000000000000000e+03
3.123000000000000000e+03
6.840000000000000000e+02
3.255000000000000000e+03
8.780000000000000000e+02
3.237000000000000000e+03
1.975000000000000000e+03
7.550000000000000000e+02
2.645000000000000000e+03
1.624000000000000000e+03
1.350000000000000000e+03
1.962000000000000000e+03
1.018000000000000000e+03
9.970000000000000000e+02
2.037000000000000000e+03
2.313000000000000000e+03
1.021000000000000000e+03
3.724000000000000000e+03
2.919000000000000000e+03
3.251000000000000000e+03
2.700000000000000000e+03
1.472000000000000000e+03
7.000000000000000000e+01
7.820000000000000000e+02
2.906000000000000000e+03
1.464000000000000000e+03
3.002000000000000000e+03
1.580000000000000000e+02
2.087000000000000000e+03
2.040000000000000000e+03
2.950000000000000000e+03
3.483000000000000000e+03
3.775000000000000000e+03
1.717000000000000000e+03
2.533000000000000000e+03
1.766000000000000000e+03
3.092000000000000000e+03
1.687000000000000000e+03
1.090000000000000000e+02
3.702000000000000000e+03
2.480000000000000000e+03
7.120000000000000000e+02
7.740000000000000000e+02
2.629000000000000000e+03
2.372000000000000000e+03
9.530000000000000000e+02
3.332000000000000000e+03
3.394000000000000000e+03
3.277000000000000000e+03
2.828000000000000000e+03
3.659000000000000000e+03
1.907000000000000000e+03
1.556000000000000000e+03
3.728000000000000000e+03
1.704000000000000000e+03
3.730000000000000000e+02
2.279000000000000000e+03
1.795000000000000000e+03
2.184000000000000000e+03
3.574000000000000000e+03
1.129000000000000000e+03
1.371000000000000000e+03
9.080000000000000000e+02
3.278000000000000000e+03
2.650000000000000000e+03
9.030000000000000000e+02
1.674000000000000000e+03
2.085000000000000000e+03
8.980000000000000000e+02
5.380000000000000000e+02
1.152000000000000000e+03
3.287000000000000000e+03
1.949000000000000000e+03
3.585000000000000000e+03
1.518000000000000000e+03
1.897000000000000000e+03
2.477000000000000000e+03
3.857000000000000000e+03
4.600000000000000000e+02
8.210000000000000000e+02
3.703000000000000000e+03
1.960000000000000000e+02
3.740000000000000000e+03
1.825000000000000000e+03
2.932000000000000000e+03
1.062000000000000000e+03
3.786000000000000000e+03
1.712000000000000000e+03
3.107000000000000000e+03
1.651000000000000000e+03
1.132000000000000000e+03
5.900000000000000000e+01
1.865000000000000000e+03
1.790000000000000000e+03
3.036000000000000000e+03
1.375000000000000000e+03
3.198000000000000000e+03
