0.000000000000000000e+00
1.737000000000000000e+03
1.889000000000000000e+03
1.132000000000000000e+03
3.139000000000000000e+03
1.103000000000000000e+03
3.028000000000000000e+03
1.844000000000000000e+03
3.095000000000000000e+03
7.570000000000000000e+02
6.040000000000000000e+02
3.778000000000000000e+03
3.917000000000000000e+03
4.000000000000000000e+02
1.506000000000000000e+03
2.203000000000000000e+03
1.361000000000000000e+03
1.394000000000000000e+03
3.109000000000000000e+03
1.909000000000000000e+03
1.010000000000000000e+02
9.100000000000000000e+01
5.560000000000000000e+02
3.375000000000000000e+03
2.550000000000000000e+02
2.140000000000000000e+02
3.634000000000000000e+03
2.388000000000000000e+03
2.211000000000000000e+03
1.085000000000000000e+03
2.284000000000000000e+03
1.080000000000000000e+02
1.557000000000000000e+03
2.562000000000000000e+03
2.964000000000000000e+03
1.700000000000000000e+01
2.172000000000000000e+03
2.329000000000000000e+03
2.327000000000000000e+03
3.636000000000000000e+03
2.671000000000000000e+03
2.398000000000000000e+03
3.572000000000000000e+03
2.210000000000000000e+03
9.450000000000000000e+02
1.900000000000000000e+01
2.175000000000000000e+03
5.440000000000000000e+02
3.203000000000000000e+03
2.328000000000000000e+03
1.485000000000000000e+03
3.576000000000000000e+03
2.417000000000000000e+03
2.890000000000000000e+03
2.000000000000000000e+02
1.854000000000000000e+03
3.457000000000000000e+03
3.770000000000000000e+02
2.386000000000000000e+03
2.535000000000000000e+03
2.858000000000000000e+03
1.431000000000000000e+03
2.698000000000000000e+03
3.385000000000000000e+03
1.436000000000000000e+03
3.321000000000000000e+03
1.766000000000000000e+03
1.188000000000000000e+03
1.187000000000000000e+03
2.050000000000000000e+02
1.772000000000000000e+03
2.830000000000000000e+02
5.040000000000000000e+02
2.510000000000000000e+03
6.580000000000000000e+02
3.656000000000000000e+03
3.379000000000000000e+03
7.470000000000000000e+02
1.796000000000000000e+03
1.070000000000000000e+02
3.174000000000000000e+03
2.677000000000000000e+03
2.957000000000000000e+03
3.301000000000000000e+03
3.738000000000000000e+03
3.905000000000000000e+03
1.705000000000000000e+03
1.813000000000000000e+03
2.016000000000000000e+03
1.587000000000000000e+03
1.122000000000000000e+03
4.610000000000000000e+02
3.450000000000000000e+02
3.470000000000000000e+02
2.390000000000000000e+02
1.179000000000000000e+03
3.137000000000000000e+03
2.508000000000000000e+03
2.627000000000000000e+03
3.108000000000000000e+03
3.549000000000000000e+03
