0.000000000000000000e+00
3.524000000000000000e+03
1.137000000000000000e+03
8.880000000000000000e+02
2.642000000000000000e+03
9.110000000000000000e+02
3.063000000000000000e+03
2.254000000000000000e+03
3.874000000000000000e+03
1.188000000000000000e+03
3.743000000000000000e+03
4.000000000000000000e+00
1.237000000000000000e+03
2.475000000000000000e+03
2.757000000000000000e+03
7.890000000000000000e+02
2.006000000000000000e+03
2.744000000000000000e+03
3.198000000000000000e+03
3.185000000000000000e+03
2.183000000000000000e+03
3.576000000000000000e+03
3.418000000000000000e+03
2.557000000000000000e+03
1.068000000000000000e+03
2.753000000000000000e+03
2.800000000000000000e+03
2.814000000000000000e+03
6.200000000000000000e+01
1.208000000000000000e+03
2.648000000000000000e+03
2.230000000000000000e+03
2.490000000000000000e+03
2.578000000000000000e+03
2.333000000000000000e+03
2.394000000000000000e+03
1.399000000000000000e+03
8.000000000000000000e+02
1.196000000000000000e+03
6.000000000000000000e+00
3.190000000000000000e+02
2.111000000000000000e+03
3.002000000000000000e+03
3.640000000000000000e+03
1.954000000000000000e+03
2.308000000000000000e+03
3.477000000000000000e+03
2.859000000000000000e+03
3.491000000000000000e+03
2.386000000000000000e+03
6.700000000000000000e+02
5.270000000000000000e+02
1.231000000000000000e+03
1.947000000000000000e+03
2.380000000000000000e+03
3.019000000000000000e+03
1.597000000000000000e+03
2.548000000000000000e+03
1.946000000000000000e+03
5.700000000000000000e+01
2.352000000000000000e+03
3.311000000000000000e+03
9.900000000000000000e+02
1.905000000000000000e+03
2.930000000000000000e+03
1.917000000000000000e+03
2.857000000000000000e+03
1.366000000000000000e+03
2.393000000000000000e+03
1.160000000000000000e+02
6.150000000000000000e+02
3.193000000000000000e+03
2.515000000000000000e+03
3.183000000000000000e+03
1.345000000000000000e+03
3.667000000000000000e+03
2.807000000000000000e+03
3.080000000000000000e+02
8.870000000000000000e+02
1.584000000000000000e+03
1.971000000000000000e+03
3.910000000000000000e+03
1.011000000000000000e+03
2.911000000000000000e+03
3.606000000000000000e+03
3.567000000000000000e+03
5.620000000000000000e+02
1.976000000000000000e+03
8.310000000000000000e+02
1.511000000000000000e+03
1.792000000000000000e+03
2.472000000000000000e+03
2.907000000000000000e+03
2.448000000000000000e+03
2.919000000000000000e+03
7.610000000000000000e+02
2.697000000000000000e+03
2.908000000000000000e+03
3.830000000000000000e+02
1.126000000000000000e+03
3.120000000000000000e+03
