0.000000000000000000e+00
2.322000000000000000e+03
3.291000000000000000e+03
3.390000000000000000e+02
2.612000000000000000e+03
1.124000000000000000e+03
1.339000000000000000e+03
8.480000000000000000e+02
9.190000000000000000e+02
1.424000000000000000e+03
1.180000000000000000e+03
1.248000000000000000e+03
1.185000000000000000e+03
5.990000000000000000e+02
1.715000000000000000e+03
2.145000000000000000e+03
3.653000000000000000e+03
1.506000000000000000e+03
2.580000000000000000e+03
6.900000000000000000e+02
1.485000000000000000e+03
2.990000000000000000e+02
3.401000000000000000e+03
4.490000000000000000e+02
2.906000000000000000e+03
2.606000000000000000e+03
3.479000000000000000e+03
1.873000000000000000e+03
1.170000000000000000e+02
3.147000000000000000e+03
1.550000000000000000e+02
2.780000000000000000e+03
4.350000000000000000e+02
3.500000000000000000e+02
6.250000000000000000e+02
3.365000000000000000e+03
2.389000000000000000e+03
5.680000000000000000e+02
3.623000000000000000e+03
1.703000000000000000e+03
1.025000000000000000e+03
7.390000000000000000e+02
2.158000000000000000e+03
8.910000000000000000e+02
3.112000000000000000e+03
4.180000000000000000e+02
1.694000000000000000e+03
2.794000000000000000e+03
2.754000000000000000e+03
2.451000000000000000e+03
4.690000000000000000e+02
1.633000000000000000e+03
2.619000000000000000e+03
2.160000000000000000e+02
1.508000000000000000e+03
3.485000000000000000e+03
1.443000000000000000e+03
3.314000000000000000e+03
6.520000000000000000e+02
2.336000000000000000e+03
2.166000000000000000e+03
3.306000000000000000e+03
1.398000000000000000e+03
2.719000000000000000e+03
1.774000000000000000e+03
2.071000000000000000e+03
1.190000000000000000e+03
3.614000000000000000e+03
3.439000000000000000e+03
3.056000000000000000e+03
1.408000000000000000e+03
2.270000000000000000e+02
3.324000000000000000e+03
2.652000000000000000e+03
2.036000000000000000e+03
5.890000000000000000e+02
1.964000000000000000e+03
1.264000000000000000e+03
1.729000000000000000e+03
2.210000000000000000e+02
2.341000000000000000e+03
1.822000000000000000e+03
6.970000000000000000e+02
3.053000000000000000e+03
2.038000000000000000e+03
2.523000000000000000e+03
1.783000000000000000e+03
7.870000000000000000e+02
1.550000000000000000e+03
2.529000000000000000e+03
3.869000000000000000e+03
1.817000000000000000e+03
3.890000000000000000e+02
8.450000000000000000e+02
1.259000000000000000e+03
1.159000000000000000e+03
1.619000000000000000e+03
2.660000000000000000e+03
1.690000000000000000e+03
1.057000000000000000e+03
2.023000000000000000e+03
