0.000000000000000000e+00
2.451000000000000000e+03
3.777000000000000000e+03
2.019000000000000000e+03
1.965000000000000000e+03
4.660000000000000000e+02
7.100000000000000000e+02
5.680000000000000000e+02
3.027000000000000000e+03
1.675000000000000000e+03
2.858000000000000000e+03
3.852000000000000000e+03
1.033000000000000000e+03
1.534000000000000000e+03
1.042000000000000000e+03
1.047000000000000000e+03
5.710000000000000000e+02
7.620000000000000000e+02
2.172000000000000000e+03
2.510000000000000000e+02
3.233000000000000000e+03
3.255000000000000000e+03
9.660000000000000000e+02
1.006000000000000000e+03
3.802000000000000000e+03
2.939000000000000000e+03
3.871000000000000000e+03
2.320000000000000000e+02
1.520000000000000000e+03
3.455000000000000000e+03
2.476000000000000000e+03
1.145000000000000000e+03
1.111000000000000000e+03
3.667000000000000000e+03
1.002000000000000000e+03
2.200000000000000000e+02
3.337000000000000000e+03
1.536000000000000000e+03
2.975000000000000000e+03
2.086000000000000000e+03
1.401000000000000000e+03
1.615000000000000000e+03
3.339000000000000000e+03
2.658000000000000000e+03
2.006000000000000000e+03
1.259000000000000000e+03
1.565000000000000000e+03
6.840000000000000000e+02
2.327000000000000000e+03
3.810000000000000000e+02
2.957000000000000000e+03
1.711000000000000000e+03
3.899000000000000000e+03
2.403000000000000000e+03
4.670000000000000000e+02
3.222000000000000000e+03
3.043000000000000000e+03
1.950000000000000000e+03
2.427000000000000000e+03
1.898000000000000000e+03
1.686000000000000000e+03
2.314000000000000000e+03
2.070000000000000000e+03
1.810000000000000000e+02
7.640000000000000000e+02
5.660000000000000000e+02
5.930000000000000000e+02
3.135000000000000000e+03
1.240000000000000000e+02
1.733000000000000000e+03
1.411000000000000000e+03
6.680000000000000000e+02
1.971000000000000000e+03
1.984000000000000000e+03
1.441000000000000000e+03
2.444000000000000000e+03
1.528000000000000000e+03
2.738000000000000000e+03
1.590000000000000000e+03
3.203000000000000000e+03
5.760000000000000000e+02
9.400000000000000000e+01
3.833000000000000000e+03
3.078000000000000000e+03
3.444000000000000000e+03
3.689000000000000000e+03
6.490000000000000000e+02
6.630000000000000000e+02
1.945000000000000000e+03
6.050000000000000000e+02
7.400000000000000000e+02
2.017000000000000000e+03
3.470000000000000000e+02
2.326000000000000000e+03
2.022000000000000000e+03
2.123000000000000000e+03
2.080000000000000000e+03
7.180000000000000000e+02
1.098000000000000000e+03
5.890000000000000000e+02
2.437000000000000000e+03
