0.000000000000000000e+00
2.350000000000000000e+02
3.706000000000000000e+03
2.817000000000000000e+03
1.991000000000000000e+03
2.291000000000000000e+03
1.015000000000000000e+03
2.560000000000000000e+03
1.616000000000000000e+03
2.174000000000000000e+03
1.771000000000000000e+03
3.423000000000000000e+03
1.569000000000000000e+03
8.470000000000000000e+02
9.730000000000000000e+02
1.085000000000000000e+03
2.238000000000000000e+03
1.610000000000000000e+03
6.060000000000000000e+02
3.539000000000000000e+03
3.922000000000000000e+03
3.293000000000000000e+03
2.963000000000000000e+03
2.279000000000000000e+03
2.026000000000000000e+03
1.198000000000000000e+03
3.424000000000000000e+03
1.500000000000000000e+01
9.210000000000000000e+02
3.691000000000000000e+03
1.476000000000000000e+03
3.432000000000000000e+03
2.494000000000000000e+03
5.540000000000000000e+02
3.772000000000000000e+03
7.710000000000000000e+02
8.640000000000000000e+02
6.340000000000000000e+02
1.545000000000000000e+03
1.146000000000000000e+03
9.800000000000000000e+02
1.021000000000000000e+03
3.918000000000000000e+03
7.850000000000000000e+02
2.289000000000000000e+03
1.464000000000000000e+03
3.327000000000000000e+03
1.020000000000000000e+03
3.310000000000000000e+03
2.925000000000000000e+03
3.679000000000000000e+03
4.650000000000000000e+02
1.496000000000000000e+03
2.965000000000000000e+03
3.529000000000000000e+03
1.945000000000000000e+03
2.567000000000000000e+03
3.211000000000000000e+03
3.942000000000000000e+03
2.600000000000000000e+01
3.830000000000000000e+02
2.830000000000000000e+02
1.059000000000000000e+03
2.806000000000000000e+03
8.240000000000000000e+02
3.502000000000000000e+03
2.621000000000000000e+03
3.600000000000000000e+01
3.677000000000000000e+03
1.340000000000000000e+03
1.209000000000000000e+03
2.183000000000000000e+03
3.252000000000000000e+03
3.157000000000000000e+03
1.985000000000000000e+03
2.249000000000000000e+03
2.232000000000000000e+03
1.919000000000000000e+03
2.453000000000000000e+03
1.160000000000000000e+03
2.408000000000000000e+03
1.280000000000000000e+02
1.320000000000000000e+02
2.945000000000000000e+03
2.482000000000000000e+03
3.320000000000000000e+02
2.127000000000000000e+03
4.350000000000000000e+02
3.564000000000000000e+03
2.013000000000000000e+03
2.698000000000000000e+03
2.487000000000000000e+03
1.740000000000000000e+03
4.340000000000000000e+02
2.076000000000000000e+03
2.251000000000000000e+03
5.930000000000000000e+02
2.708000000000000000e+03
3.401000000000000000e+03
1.401000000000000000e+03
1.147000000000000000e+03
