0.000000000000000000e+00
1.923000000000000000e+03
3.835000000000000000e+03
1.321000000000000000e+03
1.506000000000000000e+03
4.580000000000000000e+02
6.030000000000000000e+02
3.277000000000000000e+03
2.017000000000000000e+03
2.367000000000000000e+03
3.868000000000000000e+03
2.754000000000000000e+03
7.170000000000000000e+02
3.326000000000000000e+03
3.245000000000000000e+03
7.420000000000000000e+02
1.919000000000000000e+03
1.403000000000000000e+03
3.073000000000000000e+03
2.389000000000000000e+03
6.120000000000000000e+02
2.928000000000000000e+03
2.962000000000000000e+03
2.798000000000000000e+03
3.699000000000000000e+03
1.413000000000000000e+03
5.420000000000000000e+02
1.422000000000000000e+03
1.998000000000000000e+03
2.074000000000000000e+03
3.400000000000000000e+01
3.570000000000000000e+03
1.280000000000000000e+03
8.350000000000000000e+02
9.700000000000000000e+02
3.385000000000000000e+03
3.830000000000000000e+03
8.920000000000000000e+02
3.042000000000000000e+03
2.812000000000000000e+03
1.211000000000000000e+03
3.021000000000000000e+03
3.726000000000000000e+03
8.380000000000000000e+02
3.380000000000000000e+03
2.400000000000000000e+03
2.348000000000000000e+03
2.273000000000000000e+03
2.660000000000000000e+02
2.012000000000000000e+03
2.128000000000000000e+03
1.510000000000000000e+03
1.559000000000000000e+03
2.970000000000000000e+02
2.347000000000000000e+03
2.748000000000000000e+03
2.188000000000000000e+03
2.130000000000000000e+02
1.272000000000000000e+03
3.873000000000000000e+03
7.800000000000000000e+02
3.630000000000000000e+03
3.085000000000000000e+03
7.240000000000000000e+02
6.460000000000000000e+02
1.980000000000000000e+03
2.231000000000000000e+03
5.600000000000000000e+02
4.740000000000000000e+02
3.455000000000000000e+03
1.856000000000000000e+03
1.455000000000000000e+03
1.342000000000000000e+03
1.750000000000000000e+03
1.237000000000000000e+03
1.194000000000000000e+03
2.421000000000000000e+03
1.792000000000000000e+03
9.890000000000000000e+02
1.087000000000000000e+03
2.317000000000000000e+03
1.031000000000000000e+03
7.920000000000000000e+02
5.480000000000000000e+02
3.788000000000000000e+03
1.246000000000000000e+03
1.012000000000000000e+03
3.202000000000000000e+03
3.660000000000000000e+02
1.150000000000000000e+02
2.040000000000000000e+03
6.750000000000000000e+02
2.643000000000000000e+03
9.970000000000000000e+02
3.793000000000000000e+03
3.791000000000000000e+03
2.605000000000000000e+03
2.124000000000000000e+03
1.549000000000000000e+03
9.490000000000000000e+02
1.398000000000000000e+03
