0.000000000000000000e+00
3.419000000000000000e+03
2.228000000000000000e+03
3.918000000000000000e+03
3.658000000000000000e+03
2.813000000000000000e+03
6.400000000000000000e+01
2.937000000000000000e+03
2.167000000000000000e+03
3.307000000000000000e+03
3.229000000000000000e+03
2.662000000000000000e+03
6.250000000000000000e+02
9.590000000000000000e+02
1.990000000000000000e+03
1.202000000000000000e+03
3.880000000000000000e+02
5.580000000000000000e+02
3.432000000000000000e+03
2.675000000000000000e+03
2.440000000000000000e+02
2.125000000000000000e+03
2.230000000000000000e+03
1.054000000000000000e+03
5.570000000000000000e+02
3.638000000000000000e+03
2.325000000000000000e+03
3.179000000000000000e+03
7.330000000000000000e+02
9.780000000000000000e+02
2.053000000000000000e+03
1.405000000000000000e+03
1.720000000000000000e+02
2.259000000000000000e+03
2.959000000000000000e+03
5.530000000000000000e+02
1.765000000000000000e+03
3.785000000000000000e+03
7.000000000000000000e+02
2.573000000000000000e+03
2.950000000000000000e+02
1.231000000000000000e+03
1.836000000000000000e+03
4.700000000000000000e+02
3.001000000000000000e+03
1.426000000000000000e+03
1.001000000000000000e+03
3.832000000000000000e+03
3.860000000000000000e+03
1.883000000000000000e+03
3.243000000000000000e+03
3.599000000000000000e+03
3.483000000000000000e+03
1.078000000000000000e+03
1.510000000000000000e+02
8.100000000000000000e+01
2.812000000000000000e+03
3.520000000000000000e+02
2.659000000000000000e+03
3.402000000000000000e+03
3.495000000000000000e+03
2.756000000000000000e+03
2.702000000000000000e+03
1.365000000000000000e+03
2.240000000000000000e+02
5.390000000000000000e+02
1.020000000000000000e+03
3.223000000000000000e+03
2.085000000000000000e+03
1.275000000000000000e+03
3.060000000000000000e+03
5.240000000000000000e+02
3.108000000000000000e+03
1.814000000000000000e+03
3.719000000000000000e+03
1.693000000000000000e+03
5.290000000000000000e+02
1.400000000000000000e+03
2.478000000000000000e+03
1.530000000000000000e+02
3.368000000000000000e+03
2.590000000000000000e+02
2.373000000000000000e+03
2.600000000000000000e+02
2.378000000000000000e+03
5.310000000000000000e+02
2.669000000000000000e+03
3.355000000000000000e+03
3.089000000000000000e+03
2.584000000000000000e+03
3.160000000000000000e+02
1.360000000000000000e+03
2.355000000000000000e+03
2.995000000000000000e+03
2.966000000000000000e+03
4.990000000000000000e+02
2.927000000000000000e+03
6.710000000000000000e+02
2.938000000000000000e+03
3.857000000000000000e+03
5.260000000000000000e+02
