0.000000000000000000e+00
2.060000000000000000e+02
1.929000000000000000e+03
3.100000000000000000e+03
1.650000000000000000e+03
2.038000000000000000e+03
3.870000000000000000e+02
2.928000000000000000e+03
1.409000000000000000e+03
1.314000000000000000e+03
6.140000000000000000e+02
3.071000000000000000e+03
6.560000000000000000e+02
3.162000000000000000e+03
1.151000000000000000e+03
2.768000000000000000e+03
3.372000000000000000e+03
1.771000000000000000e+03
1.059000000000000000e+03
9.480000000000000000e+02
2.463000000000000000e+03
3.104000000000000000e+03
1.664000000000000000e+03
2.655000000000000000e+03
3.602000000000000000e+03
8.200000000000000000e+02
3.196000000000000000e+03
1.058000000000000000e+03
1.688000000000000000e+03
2.156000000000000000e+03
3.207000000000000000e+03
2.288000000000000000e+03
9.580000000000000000e+02
1.830000000000000000e+02
3.259000000000000000e+03
2.461000000000000000e+03
2.556000000000000000e+03
2.735000000000000000e+03
2.843000000000000000e+03
2.874000000000000000e+03
3.140000000000000000e+02
3.022000000000000000e+03
2.139000000000000000e+03
5.200000000000000000e+02
4.660000000000000000e+02
2.548000000000000000e+03
2.099000000000000000e+03
3.040000000000000000e+03
1.230000000000000000e+03
1.212000000000000000e+03
8.950000000000000000e+02
2.827000000000000000e+03
3.584000000000000000e+03
2.249000000000000000e+03
3.326000000000000000e+03
3.095000000000000000e+03
2.949000000000000000e+03
1.559000000000000000e+03
2.734000000000000000e+03
7.900000000000000000e+02
2.222000000000000000e+03
3.725000000000000000e+03
2.250000000000000000e+03
3.083000000000000000e+03
5.520000000000000000e+02
3.467000000000000000e+03
5.700000000000000000e+02
1.131000000000000000e+03
2.506000000000000000e+03
3.624000000000000000e+03
2.347000000000000000e+03
3.875000000000000000e+03
2.852000000000000000e+03
2.469000000000000000e+03
9.420000000000000000e+02
4.570000000000000000e+02
3.365000000000000000e+03
2.213000000000000000e+03
3.553000000000000000e+03
3.362000000000000000e+03
5.320000000000000000e+02
1.008000000000000000e+03
1.274000000000000000e+03
1.713000000000000000e+03
3.938000000000000000e+03
9.380000000000000000e+02
1.483000000000000000e+03
2.638000000000000000e+03
3.851000000000000000e+03
1.767000000000000000e+03
2.820000000000000000e+02
1.977000000000000000e+03
2.801000000000000000e+03
2.363000000000000000e+03
3.664000000000000000e+03
1.183000000000000000e+03
6.600000000000000000e+01
6.730000000000000000e+02
7.170000000000000000e+02
3.115000000000000000e+03
2.668000000000000000e+03
