0.000000000000000000e+00
2.974000000000000000e+03
1.256000000000000000e+03
3.079000000000000000e+03
1.294000000000000000e+03
3.304000000000000000e+03
3.005000000000000000e+03
3.042000000000000000e+03
2.830000000000000000e+03
1.926000000000000000e+03
3.234000000000000000e+03
3.236000000000000000e+03
5.000000000000000000e+00
2.170000000000000000e+03
9.610000000000000000e+02
3.483000000000000000e+03
2.840000000000000000e+02
1.091000000000000000e+03
3.226000000000000000e+03
5.470000000000000000e+02
2.320000000000000000e+03
2.438000000000000000e+03
1.736000000000000000e+03
1.455000000000000000e+03
1.640000000000000000e+03
1.358000000000000000e+03
1.834000000000000000e+03
5.630000000000000000e+02
2.671000000000000000e+03
1.543000000000000000e+03
3.258000000000000000e+03
7.550000000000000000e+02
1.274000000000000000e+03
1.386000000000000000e+03
1.703000000000000000e+03
3.132000000000000000e+03
1.985000000000000000e+03
1.560000000000000000e+02
2.758000000000000000e+03
1.810000000000000000e+03
1.463000000000000000e+03
3.676000000000000000e+03
3.350000000000000000e+03
1.650000000000000000e+03
1.172000000000000000e+03
2.901000000000000000e+03
2.782000000000000000e+03
3.775000000000000000e+03
1.071000000000000000e+03
1.975000000000000000e+03
2.549000000000000000e+03
3.637000000000000000e+03
1.954000000000000000e+03
3.102000000000000000e+03
2.034000000000000000e+03
2.762000000000000000e+03
3.520000000000000000e+03
1.998000000000000000e+03
1.235000000000000000e+03
7.320000000000000000e+02
2.036000000000000000e+03
3.479000000000000000e+03
3.178000000000000000e+03
6.860000000000000000e+02
1.510000000000000000e+02
5.410000000000000000e+02
2.138000000000000000e+03
3.606000000000000000e+03
2.881000000000000000e+03
1.354000000000000000e+03
2.867000000000000000e+03
1.928000000000000000e+03
2.414000000000000000e+03
3.753000000000000000e+03
1.644000000000000000e+03
3.115000000000000000e+03
1.939000000000000000e+03
2.497000000000000000e+03
2.606000000000000000e+03
1.756000000000000000e+03
3.169000000000000000e+03
3.212000000000000000e+03
2.457000000000000000e+03
2.532000000000000000e+03
1.828000000000000000e+03
3.300000000000000000e+01
3.000000000000000000e+01
3.795000000000000000e+03
9.170000000000000000e+02
3.235000000000000000e+03
1.267000000000000000e+03
2.426000000000000000e+03
1.820000000000000000e+02
2.240000000000000000e+02
3.769000000000000000e+03
1.554000000000000000e+03
1.555000000000000000e+03
1.053000000000000000e+03
3.703000000000000000e+03
1.850000000000000000e+02
1.106000000000000000e+03
