0.000000000000000000e+00
3.620000000000000000e+03
1.869000000000000000e+03
6.410000000000000000e+02
8.660000000000000000e+02
3.728000000000000000e+03
3.791000000000000000e+03
1.305000000000000000e+03
1.382000000000000000e+03
8.060000000000000000e+02
3.553000000000000000e+03
3.702000000000000000e+03
2.840000000000000000e+03
2.071000000000000000e+03
8.500000000000000000e+01
2.676000000000000000e+03
1.608000000000000000e+03
3.922000000000000000e+03
1.242000000000000000e+03
7.550000000000000000e+02
2.069000000000000000e+03
3.199000000000000000e+03
2.224000000000000000e+03
2.029000000000000000e+03
3.980000000000000000e+02
3.304000000000000000e+03
1.343000000000000000e+03
2.060000000000000000e+02
3.008000000000000000e+03
1.549000000000000000e+03
3.385000000000000000e+03
2.130000000000000000e+03
3.248000000000000000e+03
2.181000000000000000e+03
2.481000000000000000e+03
3.918000000000000000e+03
3.033000000000000000e+03
1.349000000000000000e+03
9.230000000000000000e+02
3.165000000000000000e+03
2.990000000000000000e+03
4.530000000000000000e+02
2.514000000000000000e+03
2.345000000000000000e+03
8.010000000000000000e+02
1.905000000000000000e+03
4.400000000000000000e+01
2.649000000000000000e+03
3.166000000000000000e+03
3.076000000000000000e+03
2.289000000000000000e+03
2.880000000000000000e+03
7.230000000000000000e+02
3.430000000000000000e+03
1.819000000000000000e+03
2.120000000000000000e+03
6.900000000000000000e+01
3.597000000000000000e+03
7.300000000000000000e+01
2.256000000000000000e+03
3.920000000000000000e+03
1.851000000000000000e+03
2.450000000000000000e+03
2.334000000000000000e+03
7.500000000000000000e+01
3.475000000000000000e+03
7.600000000000000000e+02
3.600000000000000000e+03
8.640000000000000000e+02
1.788000000000000000e+03
5.740000000000000000e+02
1.692000000000000000e+03
3.586000000000000000e+03
2.128000000000000000e+03
3.302000000000000000e+03
1.596000000000000000e+03
6.880000000000000000e+02
2.838000000000000000e+03
3.176000000000000000e+03
1.351000000000000000e+03
1.286000000000000000e+03
8.520000000000000000e+02
1.493000000000000000e+03
3.710000000000000000e+02
9.740000000000000000e+02
5.600000000000000000e+02
2.300000000000000000e+01
1.330000000000000000e+02
1.326000000000000000e+03
1.222000000000000000e+03
2.500000000000000000e+01
3.678000000000000000e+03
1.407000000000000000e+03
3.732000000000000000e+03
1.354000000000000000e+03
2.636000000000000000e+03
1.967000000000000000e+03
3.600000000000000000e+01
2.626000000000000000e+03
9.110000000000000000e+02
1.554000000000000000e+03
