0.000000000000000000e+00
1.211000000000000000e+03
3.114000000000000000e+03
1.702000000000000000e+03
3.786000000000000000e+03
1.160000000000000000e+03
3.172000000000000000e+03
1.790000000000000000e+03
1.679000000000000000e+03
3.267000000000000000e+03
3.098000000000000000e+03
1.923000000000000000e+03
3.270000000000000000e+03
8.510000000000000000e+02
6.500000000000000000e+01
8.700000000000000000e+02
1.690000000000000000e+03
3.567000000000000000e+03
1.336000000000000000e+03
2.698000000000000000e+03
2.323000000000000000e+03
1.422000000000000000e+03
3.478000000000000000e+03
2.503000000000000000e+03
3.810000000000000000e+03
3.034000000000000000e+03
4.320000000000000000e+02
3.285000000000000000e+03
3.274000000000000000e+03
1.490000000000000000e+02
7.600000000000000000e+01
1.776000000000000000e+03
2.250000000000000000e+02
1.303000000000000000e+03
3.430000000000000000e+03
2.957000000000000000e+03
2.937000000000000000e+03
3.923000000000000000e+03
2.598000000000000000e+03
2.952000000000000000e+03
6.330000000000000000e+02
2.627000000000000000e+03
3.823000000000000000e+03
1.557000000000000000e+03
5.040000000000000000e+02
2.686000000000000000e+03
3.490000000000000000e+03
4.870000000000000000e+02
2.154000000000000000e+03
4.810000000000000000e+02
8.430000000000000000e+02
3.694000000000000000e+03
9.340000000000000000e+02
3.766000000000000000e+03
3.733000000000000000e+03
2.794000000000000000e+03
3.776000000000000000e+03
2.646000000000000000e+03
2.373000000000000000e+03
5.580000000000000000e+02
2.985000000000000000e+03
3.184000000000000000e+03
2.967000000000000000e+03
2.066000000000000000e+03
1.206000000000000000e+03
3.751000000000000000e+03
2.792000000000000000e+03
2.420000000000000000e+03
2.623000000000000000e+03
3.225000000000000000e+03
8.640000000000000000e+02
3.730000000000000000e+02
3.551000000000000000e+03
1.053000000000000000e+03
1.778000000000000000e+03
6.300000000000000000e+02
3.980000000000000000e+02
3.099000000000000000e+03
9.140000000000000000e+02
3.863000000000000000e+03
9.670000000000000000e+02
3.916000000000000000e+03
1.546000000000000000e+03
3.231000000000000000e+03
7.020000000000000000e+02
5.320000000000000000e+02
3.518000000000000000e+03
3.671000000000000000e+03
1.082000000000000000e+03
3.893000000000000000e+03
3.198000000000000000e+03
7.880000000000000000e+02
7.200000000000000000e+02
3.780000000000000000e+02
1.936000000000000000e+03
3.773000000000000000e+03
3.467000000000000000e+03
8.020000000000000000e+02
1.460000000000000000e+03
2.964000000000000000e+03
2.948000000000000000e+03
