0.000000000000000000e+00
3.884000000000000000e+03
8.320000000000000000e+02
1.933000000000000000e+03
3.600000000000000000e+03
2.900000000000000000e+01
3.126000000000000000e+03
1.677000000000000000e+03
2.024000000000000000e+03
2.531000000000000000e+03
2.787000000000000000e+03
1.786000000000000000e+03
2.451000000000000000e+03
3.927000000000000000e+03
6.000000000000000000e+00
1.155000000000000000e+03
1.355000000000000000e+03
3.216000000000000000e+03
2.627000000000000000e+03
1.797000000000000000e+03
2.292000000000000000e+03
1.154000000000000000e+03
9.980000000000000000e+02
6.720000000000000000e+02
1.837000000000000000e+03
3.471000000000000000e+03
2.494000000000000000e+03
3.224000000000000000e+03
4.500000000000000000e+01
4.090000000000000000e+02
1.974000000000000000e+03
1.098000000000000000e+03
2.489000000000000000e+03
3.608000000000000000e+03
2.488000000000000000e+03
2.773000000000000000e+03
3.069000000000000000e+03
2.441000000000000000e+03
1.970000000000000000e+02
2.982000000000000000e+03
1.944000000000000000e+03
2.104000000000000000e+03
2.474000000000000000e+03
1.856000000000000000e+03
6.700000000000000000e+01
2.807000000000000000e+03
1.416000000000000000e+03
2.611000000000000000e+03
2.676000000000000000e+03
1.765000000000000000e+03
3.764000000000000000e+03
3.256000000000000000e+03
3.007000000000000000e+03
2.813000000000000000e+03
6.620000000000000000e+02
5.640000000000000000e+02
2.537000000000000000e+03
3.435000000000000000e+03
2.481000000000000000e+03
3.641000000000000000e+03
2.369000000000000000e+03
7.200000000000000000e+02
2.033000000000000000e+03
2.081000000000000000e+03
2.083000000000000000e+03
2.054000000000000000e+03
2.996000000000000000e+03
1.057000000000000000e+03
3.863000000000000000e+03
3.918000000000000000e+03
1.898000000000000000e+03
6.500000000000000000e+01
2.340000000000000000e+03
6.240000000000000000e+02
2.742000000000000000e+03
2.173000000000000000e+03
1.958000000000000000e+03
9.880000000000000000e+02
1.764000000000000000e+03
2.766000000000000000e+03
2.818000000000000000e+03
7.310000000000000000e+02
2.012000000000000000e+03
3.545000000000000000e+03
2.116000000000000000e+03
1.911000000000000000e+03
2.960000000000000000e+03
3.536000000000000000e+03
3.838000000000000000e+03
2.916000000000000000e+03
2.831000000000000000e+03
1.498000000000000000e+03
1.620000000000000000e+03
1.829000000000000000e+03
1.951000000000000000e+03
3.900000000000000000e+01
3.617000000000000000e+03
9.410000000000000000e+02
1.818000000000000000e+03
7.150000000000000000e+02
3.650000000000000000e+02
