0.000000000000000000e+00
3.572000000000000000e+03
1.383000000000000000e+03
2.899000000000000000e+03
1.151000000000000000e+03
3.652000000000000000e+03
1.854000000000000000e+03
3.046000000000000000e+03
2.758000000000000000e+03
4.220000000000000000e+02
2.980000000000000000e+03
3.135000000000000000e+03
5.840000000000000000e+02
3.250000000000000000e+03
3.738000000000000000e+03
3.061000000000000000e+03
3.454000000000000000e+03
2.032000000000000000e+03
2.110000000000000000e+02
5.200000000000000000e+01
3.722000000000000000e+03
2.570000000000000000e+02
8.400000000000000000e+01
1.007000000000000000e+03
1.880000000000000000e+03
7.260000000000000000e+02
2.019000000000000000e+03
8.160000000000000000e+02
9.440000000000000000e+02
2.764000000000000000e+03
3.536000000000000000e+03
1.603000000000000000e+03
2.940000000000000000e+03
3.290000000000000000e+03
6.930000000000000000e+02
3.751000000000000000e+03
2.755000000000000000e+03
3.060000000000000000e+02
5.910000000000000000e+02
3.820000000000000000e+03
1.160000000000000000e+02
2.400000000000000000e+02
2.834000000000000000e+03
1.199000000000000000e+03
1.766000000000000000e+03
3.213000000000000000e+03
3.926000000000000000e+03
3.650000000000000000e+02
3.880000000000000000e+03
3.943000000000000000e+03
1.358000000000000000e+03
1.000000000000000000e+01
1.711000000000000000e+03
5.190000000000000000e+02
3.571000000000000000e+03
6.720000000000000000e+02
2.502000000000000000e+03
1.866000000000000000e+03
2.116000000000000000e+03
3.140000000000000000e+03
1.958000000000000000e+03
1.747000000000000000e+03
1.268000000000000000e+03
1.546000000000000000e+03
1.810000000000000000e+02
2.658000000000000000e+03
1.020000000000000000e+02
1.493000000000000000e+03
1.150000000000000000e+03
5.730000000000000000e+02
3.867000000000000000e+03
3.093000000000000000e+03
7.430000000000000000e+02
3.520000000000000000e+02
9.230000000000000000e+02
2.161000000000000000e+03
2.171000000000000000e+03
9.410000000000000000e+02
6.100000000000000000e+02
2.149000000000000000e+03
3.499000000000000000e+03
1.813000000000000000e+03
2.592000000000000000e+03
2.072000000000000000e+03
3.017000000000000000e+03
3.073000000000000000e+03
1.779000000000000000e+03
1.539000000000000000e+03
2.598000000000000000e+03
2.005000000000000000e+03
3.940000000000000000e+03
2.556000000000000000e+03
2.360000000000000000e+02
3.946000000000000000e+03
1.061000000000000000e+03
4.670000000000000000e+02
4.610000000000000000e+02
1.332000000000000000e+03
7.550000000000000000e+02
5.240000000000000000e+02
3.610000000000000000e+03
