0.000000000000000000e+00
3.314000000000000000e+03
4.510000000000000000e+02
3.773000000000000000e+03
2.500000000000000000e+02
2.043000000000000000e+03
1.160000000000000000e+02
2.405000000000000000e+03
1.957000000000000000e+03
6.250000000000000000e+02
2.063000000000000000e+03
1.580000000000000000e+03
3.380000000000000000e+03
8.650000000000000000e+02
2.200000000000000000e+03
2.992000000000000000e+03
8.900000000000000000e+02
1.370000000000000000e+03
2.924000000000000000e+03
2.468000000000000000e+03
2.039000000000000000e+03
3.118000000000000000e+03
1.886000000000000000e+03
1.104000000000000000e+03
1.834000000000000000e+03
3.714000000000000000e+03
1.991000000000000000e+03
2.000000000000000000e+02
2.242000000000000000e+03
3.124000000000000000e+03
1.678000000000000000e+03
5.700000000000000000e+02
2.183000000000000000e+03
1.069000000000000000e+03
1.451000000000000000e+03
3.354000000000000000e+03
3.887000000000000000e+03
1.694000000000000000e+03
3.361000000000000000e+03
2.915000000000000000e+03
2.768000000000000000e+03
1.339000000000000000e+03
1.424000000000000000e+03
2.302000000000000000e+03
4.760000000000000000e+02
3.019000000000000000e+03
2.315000000000000000e+03
2.107000000000000000e+03
2.260000000000000000e+02
1.274000000000000000e+03
3.640000000000000000e+02
2.448000000000000000e+03
2.898000000000000000e+03
3.525000000000000000e+03
6.840000000000000000e+02
3.249000000000000000e+03
2.609000000000000000e+03
3.532000000000000000e+03
1.885000000000000000e+03
3.000000000000000000e+01
9.280000000000000000e+02
2.617000000000000000e+03
1.577000000000000000e+03
3.701000000000000000e+03
1.541000000000000000e+03
3.545000000000000000e+03
2.104000000000000000e+03
3.070000000000000000e+03
1.673000000000000000e+03
3.530000000000000000e+02
3.670000000000000000e+02
2.086000000000000000e+03
3.682000000000000000e+03
2.070000000000000000e+03
2.910000000000000000e+02
3.024000000000000000e+03
1.114000000000000000e+03
9.110000000000000000e+02
3.283000000000000000e+03
9.680000000000000000e+02
2.533000000000000000e+03
3.245000000000000000e+03
1.180000000000000000e+03
2.506000000000000000e+03
3.918000000000000000e+03
1.755000000000000000e+03
5.620000000000000000e+02
1.147000000000000000e+03
1.039000000000000000e+03
3.285000000000000000e+03
1.603000000000000000e+03
1.872000000000000000e+03
1.241000000000000000e+03
2.304000000000000000e+03
1.364000000000000000e+03
2.159000000000000000e+03
1.210000000000000000e+03
7.270000000000000000e+02
4.320000000000000000e+02
2.708000000000000000e+03
5.950000000000000000e+02
