0.000000000000000000e+00
1.453000000000000000e+03
8.160000000000000000e+02
3.668000000000000000e+03
1.289000000000000000e+03
1.800000000000000000e+01
1.736000000000000000e+03
1.619000000000000000e+03
2.707000000000000000e+03
5.080000000000000000e+02
2.934000000000000000e+03
1.927000000000000000e+03
1.585000000000000000e+03
2.330000000000000000e+02
2.916000000000000000e+03
1.180000000000000000e+02
3.223000000000000000e+03
1.346000000000000000e+03
1.215000000000000000e+03
1.343000000000000000e+03
2.892000000000000000e+03
2.517000000000000000e+03
7.120000000000000000e+02
1.400000000000000000e+02
3.724000000000000000e+03
3.824000000000000000e+03
2.465000000000000000e+03
3.449000000000000000e+03
1.960000000000000000e+02
2.076000000000000000e+03
3.644000000000000000e+03
7.400000000000000000e+02
3.375000000000000000e+03
3.090000000000000000e+03
1.900000000000000000e+01
3.490000000000000000e+02
2.859000000000000000e+03
3.409000000000000000e+03
3.582000000000000000e+03
1.888000000000000000e+03
2.221000000000000000e+03
3.200000000000000000e+03
3.650000000000000000e+02
3.430000000000000000e+03
2.280000000000000000e+02
1.493000000000000000e+03
3.530000000000000000e+02
1.260000000000000000e+02
2.374000000000000000e+03
3.560000000000000000e+03
4.040000000000000000e+02
3.446000000000000000e+03
1.323000000000000000e+03
1.912000000000000000e+03
1.980000000000000000e+03
1.910000000000000000e+03
6.540000000000000000e+02
1.527000000000000000e+03
2.558000000000000000e+03
1.474000000000000000e+03
3.357000000000000000e+03
7.000000000000000000e+01
1.547000000000000000e+03
3.537000000000000000e+03
2.430000000000000000e+02
3.675000000000000000e+03
5.850000000000000000e+02
9.760000000000000000e+02
2.751000000000000000e+03
9.340000000000000000e+02
2.918000000000000000e+03
5.700000000000000000e+02
3.200000000000000000e+02
2.030000000000000000e+03
1.180000000000000000e+03
7.610000000000000000e+02
2.112000000000000000e+03
1.008000000000000000e+03
5.450000000000000000e+02
7.920000000000000000e+02
1.939000000000000000e+03
5.600000000000000000e+01
2.452000000000000000e+03
9.600000000000000000e+02
1.353000000000000000e+03
8.010000000000000000e+02
2.900000000000000000e+01
1.349000000000000000e+03
1.187000000000000000e+03
4.710000000000000000e+02
2.258000000000000000e+03
3.163000000000000000e+03
1.306000000000000000e+03
1.304000000000000000e+03
1.722000000000000000e+03
3.916000000000000000e+03
3.637000000000000000e+03
2.755000000000000000e+03
1.200000000000000000e+01
2.186000000000000000e+03
2.109000000000000000e+03
