0.000000000000000000e+00
3.811000000000000000e+03
9.180000000000000000e+02
5.600000000000000000e+01
3.797000000000000000e+03
2.740000000000000000e+03
3.440000000000000000e+02
5.370000000000000000e+02
3.405000000000000000e+03
3.068000000000000000e+03
1.970000000000000000e+03
8.020000000000000000e+02
2.694000000000000000e+03
2.619000000000000000e+03
9.270000000000000000e+02
3.609000000000000000e+03
1.204000000000000000e+03
9.000000000000000000e+02
7.330000000000000000e+02
1.375000000000000000e+03
2.417000000000000000e+03
9.600000000000000000e+02
2.030000000000000000e+03
3.500000000000000000e+01
2.232000000000000000e+03
2.837000000000000000e+03
7.510000000000000000e+02
8.070000000000000000e+02
3.033000000000000000e+03
4.320000000000000000e+02
3.054000000000000000e+03
3.032000000000000000e+03
3.380000000000000000e+02
1.770000000000000000e+03
3.279000000000000000e+03
3.134000000000000000e+03
2.581000000000000000e+03
1.853000000000000000e+03
1.880000000000000000e+02
7.790000000000000000e+02
9.640000000000000000e+02
1.734000000000000000e+03
5.900000000000000000e+01
1.824000000000000000e+03
1.534000000000000000e+03
1.102000000000000000e+03
1.167000000000000000e+03
3.227000000000000000e+03
2.850000000000000000e+02
1.520000000000000000e+02
3.936000000000000000e+03
2.688000000000000000e+03
1.420000000000000000e+03
3.627000000000000000e+03
2.990000000000000000e+03
3.570000000000000000e+02
3.649000000000000000e+03
1.449000000000000000e+03
2.870000000000000000e+03
2.284000000000000000e+03
1.278000000000000000e+03
2.362000000000000000e+03
2.534000000000000000e+03
3.755000000000000000e+03
1.581000000000000000e+03
2.925000000000000000e+03
3.527000000000000000e+03
1.081000000000000000e+03
3.229000000000000000e+03
9.050000000000000000e+02
2.278000000000000000e+03
1.444000000000000000e+03
1.981000000000000000e+03
1.342000000000000000e+03
3.661000000000000000e+03
4.090000000000000000e+02
1.860000000000000000e+02
2.751000000000000000e+03
1.373000000000000000e+03
5.270000000000000000e+02
1.074000000000000000e+03
2.426000000000000000e+03
7.440000000000000000e+02
2.674000000000000000e+03
2.000000000000000000e+03
3.734000000000000000e+03
7.630000000000000000e+02
2.839000000000000000e+03
1.346000000000000000e+03
1.715000000000000000e+03
3.630000000000000000e+03
2.800000000000000000e+02
1.011000000000000000e+03
5.770000000000000000e+02
6.120000000000000000e+02
2.465000000000000000e+03
3.886000000000000000e+03
1.814000000000000000e+03
2.650000000000000000e+03
3.181000000000000000e+03
2.103000000000000000e+03
