0.000000000000000000e+00
2.040000000000000000e+02
3.383000000000000000e+03
1.245000000000000000e+03
1.317000000000000000e+03
2.792000000000000000e+03
3.259000000000000000e+03
3.910000000000000000e+02
7.340000000000000000e+02
3.916000000000000000e+03
8.240000000000000000e+02
3.454000000000000000e+03
4.100000000000000000e+01
2.603000000000000000e+03
3.292000000000000000e+03
6.420000000000000000e+02
2.571000000000000000e+03
3.271000000000000000e+03
1.635000000000000000e+03
3.017000000000000000e+03
1.870000000000000000e+02
2.427000000000000000e+03
2.502000000000000000e+03
1.594000000000000000e+03
3.732000000000000000e+03
4.180000000000000000e+02
4.540000000000000000e+02
5.970000000000000000e+02
3.839000000000000000e+03
3.183000000000000000e+03
2.946000000000000000e+03
1.616000000000000000e+03
2.101000000000000000e+03
2.138000000000000000e+03
2.611000000000000000e+03
9.660000000000000000e+02
1.793000000000000000e+03
3.876000000000000000e+03
2.805000000000000000e+03
2.812000000000000000e+03
3.817000000000000000e+03
1.864000000000000000e+03
3.356000000000000000e+03
3.810000000000000000e+03
2.093000000000000000e+03
1.716000000000000000e+03
9.690000000000000000e+02
2.864000000000000000e+03
3.419000000000000000e+03
2.373000000000000000e+03
2.107000000000000000e+03
2.863000000000000000e+03
1.198000000000000000e+03
2.306000000000000000e+03
8.640000000000000000e+02
2.248000000000000000e+03
3.346000000000000000e+03
7.930000000000000000e+02
3.204000000000000000e+03
2.964000000000000000e+03
4.530000000000000000e+02
1.378000000000000000e+03
5.240000000000000000e+02
3.472000000000000000e+03
1.550000000000000000e+03
1.896000000000000000e+03
2.263000000000000000e+03
1.513000000000000000e+03
1.795000000000000000e+03
1.420000000000000000e+02
1.461000000000000000e+03
3.892000000000000000e+03
3.470000000000000000e+02
3.256000000000000000e+03
6.320000000000000000e+02
1.184000000000000000e+03
3.061000000000000000e+03
3.158000000000000000e+03
1.690000000000000000e+03
2.000000000000000000e+02
7.750000000000000000e+02
2.850000000000000000e+02
1.326000000000000000e+03
2.110000000000000000e+03
3.597000000000000000e+03
3.198000000000000000e+03
1.919000000000000000e+03
1.208000000000000000e+03
2.592000000000000000e+03
3.284000000000000000e+03
2.036000000000000000e+03
2.630000000000000000e+02
1.570000000000000000e+03
3.670000000000000000e+03
3.661000000000000000e+03
1.263000000000000000e+03
1.791000000000000000e+03
1.000000000000000000e+01
3.106000000000000000e+03
5.650000000000000000e+02
1.602000000000000000e+03
