0.000000000000000000e+00
1.699000000000000000e+03
1.390000000000000000e+03
2.176000000000000000e+03
3.159000000000000000e+03
3.634000000000000000e+03
3.100000000000000000e+02
2.183000000000000000e+03
1.310000000000000000e+02
9.950000000000000000e+02
1.020000000000000000e+03
2.140000000000000000e+02
3.430000000000000000e+03
2.850000000000000000e+03
2.956000000000000000e+03
3.550000000000000000e+03
8.220000000000000000e+02
2.837000000000000000e+03
1.301000000000000000e+03
3.110000000000000000e+02
3.713000000000000000e+03
2.933000000000000000e+03
8.930000000000000000e+02
2.624000000000000000e+03
3.391000000000000000e+03
1.962000000000000000e+03
2.016000000000000000e+03
2.032000000000000000e+03
5.610000000000000000e+02
3.375000000000000000e+03
7.970000000000000000e+02
3.248000000000000000e+03
1.380000000000000000e+02
2.237000000000000000e+03
3.312000000000000000e+03
3.647000000000000000e+03
3.945000000000000000e+03
2.355000000000000000e+03
1.732000000000000000e+03
2.248000000000000000e+03
1.339000000000000000e+03
2.076000000000000000e+03
2.420000000000000000e+03
1.461000000000000000e+03
7.100000000000000000e+01
2.616000000000000000e+03
2.761000000000000000e+03
1.835000000000000000e+03
2.312000000000000000e+03
2.799000000000000000e+03
4.060000000000000000e+02
3.788000000000000000e+03
7.000000000000000000e+02
3.500000000000000000e+03
3.505000000000000000e+03
1.030000000000000000e+02
3.940000000000000000e+03
3.255000000000000000e+03
8.510000000000000000e+02
3.010000000000000000e+03
9.450000000000000000e+02
3.687000000000000000e+03
1.852000000000000000e+03
1.954000000000000000e+03
3.199000000000000000e+03
2.897000000000000000e+03
9.830000000000000000e+02
1.397000000000000000e+03
2.820000000000000000e+03
1.975000000000000000e+03
2.395000000000000000e+03
4.870000000000000000e+02
6.870000000000000000e+02
9.020000000000000000e+02
2.090000000000000000e+03
3.118000000000000000e+03
1.200000000000000000e+02
1.446000000000000000e+03
3.833000000000000000e+03
1.439000000000000000e+03
4.090000000000000000e+02
1.004000000000000000e+03
2.401000000000000000e+03
6.510000000000000000e+02
1.986000000000000000e+03
2.630000000000000000e+03
3.719000000000000000e+03
2.452000000000000000e+03
3.745000000000000000e+03
2.279000000000000000e+03
1.276000000000000000e+03
3.230000000000000000e+02
2.098000000000000000e+03
1.412000000000000000e+03
2.063000000000000000e+03
1.027000000000000000e+03
1.385000000000000000e+03
3.936000000000000000e+03
3.060000000000000000e+03
3.343000000000000000e+03
2.284000000000000000e+03
