0.000000000000000000e+00
2.800000000000000000e+01
6.230000000000000000e+02
6.380000000000000000e+02
6.900000000000000000e+02
8.030000000000000000e+02
8.210000000000000000e+02
8.890000000000000000e+02
8.940000000000000000e+02
9.320000000000000000e+02
9.830000000000000000e+02
1.137000000000000000e+03
1.159000000000000000e+03
1.314000000000000000e+03
1.458000000000000000e+03
1.475000000000000000e+03
1.477000000000000000e+03
1.493000000000000000e+03
1.502000000000000000e+03
1.514000000000000000e+03
1.520000000000000000e+03
1.574000000000000000e+03
1.656000000000000000e+03
1.666000000000000000e+03
1.669000000000000000e+03
1.684000000000000000e+03
1.685000000000000000e+03
1.714000000000000000e+03
1.749000000000000000e+03
1.755000000000000000e+03
1.835000000000000000e+03
2.157000000000000000e+03
2.292000000000000000e+03
2.340000000000000000e+03
2.497000000000000000e+03
2.708000000000000000e+03
2.721000000000000000e+03
2.998000000000000000e+03
3.206000000000000000e+03
3.376000000000000000e+03
3.414000000000000000e+03
9.000000000000000000e+00
2.000000000000000000e+01
7.100000000000000000e+01
1.450000000000000000e+02
2.040000000000000000e+02
2.270000000000000000e+02
2.510000000000000000e+02
3.150000000000000000e+02
3.840000000000000000e+02
3.930000000000000000e+02
3.940000000000000000e+02
4.590000000000000000e+02
4.790000000000000000e+02
5.330000000000000000e+02
5.440000000000000000e+02
5.480000000000000000e+02
6.670000000000000000e+02
6.940000000000000000e+02
8.760000000000000000e+02
8.860000000000000000e+02
9.800000000000000000e+02
1.102000000000000000e+03
1.110000000000000000e+03
1.170000000000000000e+03
1.181000000000000000e+03
1.364000000000000000e+03
1.385000000000000000e+03
1.424000000000000000e+03
1.429000000000000000e+03
1.432000000000000000e+03
1.434000000000000000e+03
1.497000000000000000e+03
1.599000000000000000e+03
2.196000000000000000e+03
2.258000000000000000e+03
2.347000000000000000e+03
2.376000000000000000e+03
2.403000000000000000e+03
2.534000000000000000e+03
2.535000000000000000e+03
2.625000000000000000e+03
2.737000000000000000e+03
2.756000000000000000e+03
2.947000000000000000e+03
2.948000000000000000e+03
2.949000000000000000e+03
2.965000000000000000e+03
2.989000000000000000e+03
2.990000000000000000e+03
2.991000000000000000e+03
2.993000000000000000e+03
3.197000000000000000e+03
3.274000000000000000e+03
3.283000000000000000e+03
3.310000000000000000e+03
3.384000000000000000e+03
3.442000000000000000e+03
3.444000000000000000e+03
3.541000000000000000e+03
3.624000000000000000e+03
