0.000000000000000000e+00
1.000000000000000000e+00
4.000000000000000000e+00
1.400000000000000000e+01
1.600000000000000000e+01
1.700000000000000000e+01
2.400000000000000000e+01
2.500000000000000000e+01
3.600000000000000000e+01
3.900000000000000000e+01
4.200000000000000000e+01
5.800000000000000000e+01
7.300000000000000000e+01
1.050000000000000000e+02
1.100000000000000000e+02
1.110000000000000000e+02
1.500000000000000000e+02
1.510000000000000000e+02
1.610000000000000000e+02
1.630000000000000000e+02
2.300000000000000000e+02
2.530000000000000000e+02
2.650000000000000000e+02
2.660000000000000000e+02
2.690000000000000000e+02
2.820000000000000000e+02
2.880000000000000000e+02
2.960000000000000000e+02
3.370000000000000000e+02
3.450000000000000000e+02
3.490000000000000000e+02
3.770000000000000000e+02
3.930000000000000000e+02
4.540000000000000000e+02
4.650000000000000000e+02
4.760000000000000000e+02
4.800000000000000000e+02
5.060000000000000000e+02
5.080000000000000000e+02
5.100000000000000000e+02
5.240000000000000000e+02
5.270000000000000000e+02
5.380000000000000000e+02
5.550000000000000000e+02
5.620000000000000000e+02
5.890000000000000000e+02
6.080000000000000000e+02
6.500000000000000000e+02
7.330000000000000000e+02
7.410000000000000000e+02
9.080000000000000000e+02
1.027000000000000000e+03
1.059000000000000000e+03
1.120000000000000000e+03
1.210000000000000000e+03
1.213000000000000000e+03
1.265000000000000000e+03
1.274000000000000000e+03
1.277000000000000000e+03
1.357000000000000000e+03
1.393000000000000000e+03
1.411000000000000000e+03
1.466000000000000000e+03
1.476000000000000000e+03
1.488000000000000000e+03
1.573000000000000000e+03
1.580000000000000000e+03
1.589000000000000000e+03
1.621000000000000000e+03
1.639000000000000000e+03
1.653000000000000000e+03
1.660000000000000000e+03
1.673000000000000000e+03
1.678000000000000000e+03
1.682000000000000000e+03
1.693000000000000000e+03
1.701000000000000000e+03
1.704000000000000000e+03
1.711000000000000000e+03
1.721000000000000000e+03
1.730000000000000000e+03
1.735000000000000000e+03
1.801000000000000000e+03
1.810000000000000000e+03
1.836000000000000000e+03
1.840000000000000000e+03
1.916000000000000000e+03
2.006000000000000000e+03
2.023000000000000000e+03
2.028000000000000000e+03
2.268000000000000000e+03
2.278000000000000000e+03
2.291000000000000000e+03
2.297000000000000000e+03
2.314000000000000000e+03
2.320000000000000000e+03
2.324000000000000000e+03
2.329000000000000000e+03
2.336000000000000000e+03
2.396000000000000000e+03
2.427000000000000000e+03
