0.000000000000000000e+00
5.000000000000000000e+00
1.900000000000000000e+01
3.800000000000000000e+01
5.200000000000000000e+01
6.300000000000000000e+01
6.500000000000000000e+01
6.900000000000000000e+01
8.800000000000000000e+01
9.600000000000000000e+01
1.010000000000000000e+02
1.020000000000000000e+02
1.040000000000000000e+02
1.090000000000000000e+02
1.150000000000000000e+02
1.190000000000000000e+02
1.250000000000000000e+02
1.350000000000000000e+02
1.410000000000000000e+02
1.440000000000000000e+02
1.560000000000000000e+02
1.710000000000000000e+02
1.740000000000000000e+02
1.760000000000000000e+02
1.780000000000000000e+02
1.800000000000000000e+02
1.860000000000000000e+02
1.870000000000000000e+02
1.890000000000000000e+02
2.030000000000000000e+02
2.120000000000000000e+02
2.160000000000000000e+02
2.230000000000000000e+02
2.280000000000000000e+02
2.310000000000000000e+02
2.340000000000000000e+02
2.430000000000000000e+02
2.480000000000000000e+02
2.550000000000000000e+02
2.670000000000000000e+02
2.740000000000000000e+02
2.750000000000000000e+02
2.780000000000000000e+02
2.980000000000000000e+02
3.050000000000000000e+02
3.100000000000000000e+02
3.120000000000000000e+02
3.240000000000000000e+02
3.250000000000000000e+02
3.330000000000000000e+02
3.440000000000000000e+02
3.480000000000000000e+02
3.520000000000000000e+02
3.700000000000000000e+02
4.020000000000000000e+02
4.100000000000000000e+02
4.110000000000000000e+02
4.130000000000000000e+02
4.140000000000000000e+02
4.190000000000000000e+02
4.290000000000000000e+02
4.330000000000000000e+02
4.370000000000000000e+02
4.410000000000000000e+02
4.450000000000000000e+02
4.490000000000000000e+02
4.530000000000000000e+02
4.600000000000000000e+02
4.670000000000000000e+02
4.700000000000000000e+02
4.780000000000000000e+02
4.860000000000000000e+02
4.890000000000000000e+02
5.000000000000000000e+02
5.050000000000000000e+02
5.140000000000000000e+02
5.180000000000000000e+02
5.200000000000000000e+02
5.420000000000000000e+02
5.590000000000000000e+02
5.640000000000000000e+02
5.760000000000000000e+02
5.820000000000000000e+02
5.850000000000000000e+02
5.980000000000000000e+02
6.030000000000000000e+02
6.120000000000000000e+02
6.190000000000000000e+02
6.260000000000000000e+02
6.330000000000000000e+02
6.340000000000000000e+02
6.370000000000000000e+02
6.390000000000000000e+02
6.410000000000000000e+02
6.430000000000000000e+02
6.440000000000000000e+02
6.510000000000000000e+02
6.550000000000000000e+02
6.560000000000000000e+02
6.630000000000000000e+02
6.640000000000000000e+02
